0 1 18
0 2 23
0 3 18
0 4 13
0 5 18
0 6 27
0 7 19
0 8 23
0 9 19
0 10 22
0 11 24
0 12 34
0 13 40
0 14 27
0 15 31
0 16 17
0 17 8
0 18 44
0 19 11
0 20 17
0 21 36
0 22 21
0 23 33
0 24 18
0 25 14
0 26 20
0 27 15
0 28 16
0 29 27
0 30 18
0 31 13
0 32 19
0 33 49
0 34 22
0 35 37
0 36 49
0 37 13
0 38 10
0 39 15
0 40 8
0 41 21
0 42 19
0 43 26
0 44 33
0 45 24
0 46 28
0 47 16
0 48 22
0 49 23
0 50 30
1 2 17
1 3 23
1 4 4
1 5 9
1 6 22
1 7 1
1 8 17
1 9 13
1 10 9
1 11 9
1 12 19
1 13 29
1 14 20
1 15 36
1 16 22
1 17 19
1 18 33
1 19 14
1 20 2
1 21 21
1 22 7
1 23 39
1 24 24
1 25 3
1 26 1
1 27 2
1 28 0
1 29 17
1 30 16
1 31 9
1 32 3
1 33 7
1 34 5
1 35 27
1 36 10
1 37 5
1 38 10
1 39 5
1 40 11
1 41 5
1 42 9
1 43 20
1 44 20
1 45 13
1 46 18
1 47 22
1 48 28
1 49 29
1 50 35
2 3 33
2 4 8
2 5 7
2 6 12
2 7 13
2 8 9
2 9 4
2 10 19
2 11 13
2 12 22
2 13 28
2 14 10
2 15 37
2 16 16
2 17 23
2 18 32
2 19 26
2 20 11
2 21 25
2 22 18
2 23 19
2 24 23
2 25 7
2 26 14
2 27 9
2 28 10
2 29 16
2 30 7
2 31 13
2 32 14
2 33 38
2 34 11
2 35 26
2 36 38
2 37 9
2 38 14
2 39 5
2 40 23
2 41 36
2 42 7
2 43 3
2 44 14
2 45 7
2 46 43
2 47 21
2 48 29
2 49 30
2 50 37
3 4 25
3 5 28
3 6 37
3 7 22
3 8 33
3 9 29
3 10 23
3 11 37
3 12 46
3 13 45
3 14 37
3 15 37
3 16 27
3 17 17
3 18 50
3 19 14
3 20 23
3 21 49
3 22 22
3 23 39
3 24 30
3 25 26
3 26 22
3 27 28
3 28 22
3 29 40
3 30 28
3 31 25
3 32 20
3 33 56
3 34 26
3 35 43
3 36 56
3 37 26
3 38 23
3 39 28
3 40 16
3 41 17
3 42 31
3 43 37
3 44 43
3 45 36
3 46 26
3 47 28
3 48 28
3 49 29
3 50 36
4 5 5
4 6 19
4 7 6
4 8 14
4 9 10
4 10 12
4 11 11
4 12 21
4 13 26
4 14 17
4 15 32
4 16 18
4 17 14
4 18 31
4 19 17
4 20 4
4 21 23
4 22 11
4 23 34
4 24 20
4 25 1
4 26 7
4 27 2
4 28 3
4 29 14
4 30 13
4 31 5
4 32 7
4 33 36
4 34 9
4 35 24
4 36 36
4 37 0
4 38 5
4 39 2
4 40 15
4 41 28
4 42 6
4 43 17
4 44 17
4 45 10
4 46 35
4 47 17
4 48 23
4 49 24
4 50 31
5 6 10
5 7 12
5 8 6
5 9 2
5 10 18
5 11 16
5 12 26
5 13 32
5 14 10
5 15 31
5 16 9
5 17 17
5 18 36
5 19 20
5 20 9
5 21 28
5 22 16
5 23 12
5 24 17
5 25 6
5 26 12
5 27 7
5 28 8
5 29 19
5 30 1
5 31 8
5 32 12
5 33 41
5 34 14
5 35 29
5 36 41
5 37 4
5 38 8
5 39 7
5 40 17
5 41 30
5 42 4
5 43 9
5 44 15
5 45 13
5 46 37
5 47 15
5 48 22
5 49 24
5 50 30
6 7 19
6 8 6
6 9 6
6 10 25
6 11 19
6 12 29
6 13 35
6 14 9
6 15 39
6 16 17
6 17 24
6 18 39
6 19 27
6 20 17
6 21 31
6 22 24
6 23 20
6 24 25
6 25 14
6 26 20
6 27 15
6 28 16
6 29 22
6 30 9
6 31 19
6 32 20
6 33 44
6 34 17
6 35 32
6 36 44
6 37 13
6 38 20
6 39 12
6 40 25
6 41 38
6 42 13
6 43 9
6 44 15
6 45 13
6 46 45
6 47 22
6 48 30
6 49 31
6 50 38
7 8 18
7 9 14
7 10 11
7 11 8
7 12 18
7 13 24
7 14 18
7 15 37
7 16 23
7 17 19
7 18 29
7 19 15
7 20 2
7 21 20
7 22 10
7 23 39
7 24 25
7 25 4
7 26 0
7 27 2
7 28 1
7 29 15
7 30 16
7 31 10
7 32 4
7 33 9
7 34 3
7 35 22
7 36 12
7 37 5
7 38 10
7 39 6
7 40 12
7 41 5
7 42 9
7 43 21
7 44 19
7 45 12
7 46 18
7 47 23
7 48 28
7 49 30
7 50 36
8 9 8
8 10 20
8 11 15
8 12 31
8 13 37
8 14 6
8 15 41
8 16 19
8 17 27
8 18 41
8 19 30
8 20 16
8 21 33
8 22 19
8 23 23
8 24 27
8 25 13
8 26 19
8 27 14
8 28 15
8 29 26
8 30 11
8 31 18
8 32 19
8 33 46
8 34 13
8 35 34
8 36 46
8 37 15
8 38 19
8 39 11
8 40 27
8 41 59
8 42 16
8 43 12
8 44 9
8 45 8
8 46 67
8 47 25
8 48 33
8 49 34
8 50 40
9 10 23
9 11 17
9 12 27
9 13 32
9 14 8
9 15 33
9 16 11
9 17 18
9 18 37
9 19 21
9 20 15
9 21 29
9 22 22
9 23 14
9 24 18
9 25 11
9 26 18
9 27 13
9 28 14
9 29 20
9 30 2
9 31 17
9 32 18
9 33 42
9 34 15
9 35 30
9 36 42
9 37 6
9 38 18
9 39 10
9 40 19
9 41 32
9 42 11
9 43 7
9 44 13
9 45 11
9 46 39
9 47 16
9 48 24
9 49 25
9 50 32
10 11 6
10 12 16
10 13 25
10 14 16
10 15 43
10 16 30
10 17 25
10 18 29
10 19 26
10 20 12
10 21 18
10 22 2
10 23 33
10 24 31
10 25 10
10 26 12
10 27 11
10 28 11
10 29 13
10 30 21
10 31 16
10 32 10
10 33 2
10 34 10
10 35 23
10 36 3
10 37 11
10 38 16
10 39 8
10 40 28
10 41 7
10 42 13
10 43 22
10 44 16
10 45 9
10 46 19
10 47 29
10 48 34
10 49 36
10 50 42
11 12 13
11 13 18
11 14 14
11 15 41
11 16 28
11 17 23
11 18 23
11 19 26
11 20 11
11 21 15
11 22 14
11 23 31
11 24 29
11 25 8
11 26 14
11 27 9
11 28 10
11 29 6
11 30 19
11 31 14
11 32 14
11 33 28
11 34 8
11 35 16
11 36 28
11 37 9
11 38 14
11 39 6
11 40 24
11 41 44
11 42 10
11 43 20
11 44 14
11 45 7
11 46 52
11 47 26
11 48 32
11 49 33
11 50 40
12 13 9
12 14 21
12 15 49
12 16 35
12 17 31
12 18 10
12 19 34
12 20 19
12 21 2
12 22 15
12 23 38
12 24 36
12 25 16
12 26 22
12 27 17
12 28 18
12 29 9
12 30 27
12 31 21
12 32 22
12 33 15
12 34 15
12 35 7
12 36 14
12 37 17
12 38 22
12 39 14
12 40 31
12 41 19
12 42 18
12 43 28
12 44 22
12 45 15
12 46 31
12 47 34
12 48 40
12 49 41
12 50 48
13 14 27
13 15 54
13 16 41
13 17 37
13 18 4
13 19 34
13 20 21
13 21 10
13 22 11
13 23 44
13 24 42
13 25 21
13 26 20
13 27 21
13 28 19
13 29 24
13 30 33
13 31 27
13 32 18
13 33 11
13 34 21
13 35 7
13 36 10
13 37 23
13 38 28
13 39 19
13 40 36
13 41 15
13 42 24
13 43 33
13 44 27
13 45 20
13 46 27
13 47 40
13 48 46
13 49 47
13 50 53
14 15 41
14 16 19
14 17 26
14 18 40
14 19 29
14 20 19
14 21 33
14 22 26
14 23 22
14 24 26
14 25 16
14 26 22
14 27 17
14 28 18
14 29 25
14 30 10
14 31 21
14 32 22
14 33 46
14 34 19
14 35 34
14 36 45
14 37 15
14 38 22
14 39 14
14 40 27
14 41 58
14 42 15
14 43 11
14 44 10
14 45 15
14 46 47
14 47 24
14 48 32
14 49 33
14 50 40
15 16 19
15 17 29
15 18 68
15 19 33
15 20 36
15 21 60
15 22 43
15 23 16
15 24 15
15 25 33
15 26 39
15 27 34
15 28 35
15 29 52
15 30 32
15 31 32
15 32 39
15 33 73
15 34 41
15 35 61
15 36 73
15 37 32
15 38 29
15 39 34
15 40 30
15 41 45
15 42 38
15 43 40
15 44 41
15 45 43
15 46 54
15 47 13
15 48 12
15 49 9
15 50 5
16 17 13
16 18 41
16 19 16
16 20 15
16 21 34
16 22 21
16 23 15
16 24 14
16 25 11
16 26 17
16 27 12
16 28 14
16 29 25
16 30 7
16 31 10
16 32 17
16 33 47
16 34 20
16 35 35
16 36 46
16 37 11
16 38 11
16 39 13
16 40 14
16 41 27
16 42 19
16 43 15
16 44 21
16 45 19
16 46 34
16 47 11
16 48 19
16 49 20
16 50 27
17 18 47
17 19 12
17 20 20
17 21 39
17 22 22
17 23 27
17 24 18
17 25 17
17 26 23
17 27 18
17 28 20
17 29 30
17 30 19
17 31 16
17 32 23
17 33 52
17 34 26
17 35 40
17 36 52
17 37 16
17 38 13
17 39 18
17 40 12
17 41 24
17 42 22
17 43 27
17 44 33
17 45 27
17 46 33
17 47 16
17 48 16
17 49 17
17 50 24
18 19 33
18 20 20
18 21 9
18 22 10
18 23 43
18 24 41
18 25 20
18 26 19
18 27 20
18 28 18
18 29 26
18 30 32
18 31 26
18 32 17
18 33 10
18 34 20
18 35 8
18 36 9
18 37 22
18 38 27
18 39 19
18 40 35
18 41 14
18 42 23
18 43 32
18 44 26
18 45 19
18 46 26
18 47 39
18 48 45
18 49 46
18 50 52
19 20 10
19 21 46
19 22 10
19 23 40
19 24 26
19 25 12
19 26 10
19 27 10
19 28 9
19 29 37
19 30 25
19 31 22
19 32 8
19 33 40
19 34 13
19 35 26
19 36 39
19 37 23
19 38 20
19 39 25
19 40 8
19 41 10
19 42 28
19 43 34
19 44 40
19 45 33
19 46 17
19 47 23
19 48 29
19 49 30
19 50 37
20 21 19
20 22 11
20 23 34
20 24 32
20 25 14
20 26 13
20 27 13
20 28 12
20 29 14
20 30 23
20 31 17
20 32 10
20 33 10
20 34 5
20 35 21
20 36 13
20 37 12
20 38 17
20 39 9
20 40 18
20 41 11
20 42 14
20 43 23
20 44 17
20 45 10
20 46 24
20 47 30
20 48 35
20 49 37
20 50 43
21 22 13
21 23 40
21 24 38
21 25 17
21 26 22
21 27 18
21 28 21
21 29 18
21 30 28
21 31 23
21 32 20
21 33 12
21 34 17
21 35 7
21 36 12
21 37 18
21 38 23
21 39 15
21 40 38
21 41 17
21 42 20
21 43 29
21 44 23
21 45 16
21 46 28
21 47 36
21 48 41
21 49 42
21 50 49
22 23 35
22 24 33
22 25 12
22 26 11
22 27 11
22 28 10
22 29 15
22 30 24
22 31 18
22 32 8
22 33 1
22 34 12
22 35 20
22 36 3
22 37 13
22 38 18
22 39 10
22 40 27
22 41 6
22 42 15
22 43 24
22 44 18
22 45 11
22 46 17
22 47 31
22 48 36
22 49 38
22 50 44
23 24 7
23 25 26
23 26 32
23 27 27
23 28 28
23 29 46
23 30 11
23 31 23
23 32 32
23 33 66
23 34 29
23 35 54
23 36 66
23 37 17
23 38 23
23 39 24
23 40 33
23 41 48
23 42 25
23 43 21
23 44 35
23 45 25
23 46 57
23 47 10
23 48 14
23 49 12
23 50 16
24 25 27
24 26 33
24 27 28
24 28 29
24 29 46
24 30 14
24 31 26
24 32 33
24 33 66
24 34 35
24 35 54
24 36 66
24 37 20
24 38 23
24 39 28
24 40 24
24 41 39
24 42 27
24 43 24
24 44 35
24 45 27
24 46 48
24 47 2
24 48 5
24 49 7
24 50 13
25 26 6
25 27 1
25 28 2
25 29 13
25 30 12
25 31 6
25 32 6
25 33 9
25 34 8
25 35 23
25 36 12
25 37 1
25 38 6
25 39 1
25 40 16
25 41 7
25 42 5
25 43 17
25 44 17
25 45 10
25 46 20
25 47 19
25 48 24
25 49 25
25 50 32
26 27 3
26 28 2
26 29 15
26 30 17
26 31 10
26 32 5
26 33 8
26 34 3
26 35 21
26 36 11
26 37 6
26 38 11
26 39 6
26 40 12
26 41 6
26 42 10
26 43 24
26 44 18
26 45 11
26 46 19
26 47 23
26 48 29
26 49 30
26 50 37
27 28 1
27 29 15
27 30 14
27 31 7
27 32 5
27 33 8
27 34 7
27 35 25
27 36 11
27 37 2
27 38 7
27 39 3
27 40 12
27 41 6
27 42 6
27 43 18
27 44 18
27 45 11
27 46 19
27 47 20
27 48 25
27 49 27
27 50 33
28 29 16
28 30 15
28 31 8
28 32 3
28 33 7
28 34 6
28 35 26
28 36 10
28 37 4
28 38 9
28 39 4
28 40 11
28 41 5
28 42 8
28 43 19
28 44 19
28 45 12
28 46 18
28 47 21
28 48 27
28 49 28
28 50 35
29 30 25
29 31 19
29 32 20
29 33 22
29 34 13
29 35 9
29 36 21
29 37 15
29 38 20
29 39 12
29 40 29
29 41 38
29 42 16
29 43 25
29 44 25
29 45 13
29 46 46
29 47 32
29 48 38
29 49 39
29 50 54
30 31 14
30 32 21
30 33 45
30 34 18
30 35 33
30 36 45
30 37 6
30 38 15
30 39 12
30 40 18
30 41 31
30 42 14
30 43 10
30 44 16
30 45 14
30 46 38
30 47 15
30 48 23
30 49 24
30 50 31
31 32 8
31 33 38
31 34 11
31 35 25
31 36 37
31 37 1
31 38 5
31 39 3
31 40 15
31 41 28
31 42 7
31 43 19
31 44 19
31 45 12
31 46 35
31 47 17
31 48 23
31 49 24
31 50 31
32 33 3
32 34 9
32 35 22
32 36 6
32 37 9
32 38 14
32 39 9
32 40 10
32 41 3
32 42 13
32 43 25
32 44 20
32 45 13
32 46 16
32 47 24
32 48 30
32 49 31
32 50 38
33 34 13
33 35 18
33 36 31
33 37 35
33 38 32
33 39 37
33 40 25
33 41 4
33 42 40
33 43 46
33 44 52
33 45 45
33 46 16
33 47 40
33 48 40
33 49 41
33 50 48
34 35 26
34 36 8
34 37 11
34 38 16
34 39 11
34 40 12
34 41 5
34 42 15
34 43 25
34 44 19
34 45 12
34 46 18
34 47 26
34 48 32
34 49 33
34 50 40
35 36 13
35 37 25
35 38 30
35 39 22
35 40 39
35 41 18
35 42 26
35 43 42
35 44 34
35 45 23
35 46 29
35 47 42
35 48 48
35 49 59
35 50 63
36 37 12
36 38 17
36 39 9
36 40 26
36 41 51
36 42 13
36 43 23
36 44 17
36 45 10
36 46 59
36 47 29
36 48 35
36 49 36
36 50 43
37 38 6
37 39 3
37 40 15
37 41 28
37 42 2
37 43 14
37 44 18
37 45 11
37 46 35
37 47 18
37 48 24
37 49 25
37 50 31
38 39 5
38 40 13
38 41 26
38 42 9
38 43 20
38 44 20
38 45 13
38 46 33
38 47 15
38 48 21
38 49 22
38 50 29
39 40 17
39 41 30
39 42 4
39 43 15
39 44 15
39 45 8
39 46 37
39 47 20
39 48 26
39 49 27
39 50 33
40 41 19
40 42 13
40 43 26
40 44 24
40 45 17
40 46 26
40 47 16
40 48 22
40 49 23
40 50 29
41 42 39
41 43 44
41 44 51
41 45 44
41 46 14
41 47 38
41 48 39
41 49 40
41 50 46
42 43 11
42 44 17
42 45 15
42 46 43
42 47 20
42 48 28
42 49 29
42 50 36
43 44 16
43 45 9
43 46 40
43 47 22
43 48 28
43 49 29
43 50 36
44 45 10
44 46 56
44 47 30
44 48 38
44 49 39
44 50 46
45 46 69
45 47 27
45 48 35
45 49 36
45 50 43
46 47 43
46 48 43
46 49 44
46 50 51
47 48 3
47 49 4
47 50 10
48 49 5
48 50 11
49 50 8
