Chao 64 - 50

Albergo 0:

Greedy Massimo Gradimento
[0, 29, 36, 22, 30, 37, 16, 11, 7, 4, 2, 0] (49.99967234379699, 282)
Greedy Nearest Neighbour:
[0, 2, 4, 7, 11, 16, 22, 29, 37, 30, 23, 17, 12, 8, 5, 3, 6, 9, 13, 18, 24, 31, 38, 44, 50, 45, 39, 32, 25, 19, 14, 10, 0] (48.08326112068522, 672)
Greedy Massimo Inserimento:
[0, 35, 28, 30, 37, 22, 29, 23, 36, 21, 15, 10, 6, 3, 0] (49.99746058531647, 384)
Greedy Inserimento sulla base di Indice
[0, 10, 9, 8, 7, 6, 5, 4, 3, 2, 13, 25, 40, 52, 63, 57, 47, 33, 19, 0] (49.92751269480999, 240)
Greedy Random
[0, 28, 30, 22, 16, 35, 42, 34, 36, 6, 3, 0] (49.28503060471543, 294)
Ricerca locale - Greedy Massimo Gradimento - Swap
[0, 3, 6, 10, 15, 21, 27, 42, 49, 43, 36, 28, 35, 34, 26, 33, 32, 24, 31, 38, 39, 45, 44, 37, 29, 22, 30, 23, 16, 11, 7, 4, 2, 0] (49.59797974644664, 864)
Ricerca locale - Greedy Nearest Neighbour - Swap
[0, 2, 4, 7, 11, 16, 22, 29, 37, 30, 23, 17, 24, 31, 38, 44, 50, 45, 39, 32, 33, 26, 34, 42, 27, 35, 43, 36, 28, 21, 15, 10, 6, 3, 0] (49.25483399593902, 882)
Ricerca locale - Greedy Massimo Inserimento - Swap
[0, 14, 20, 27, 35, 26, 25, 32, 31, 38, 30, 37, 29, 22, 16, 23, 24, 33, 34, 42, 49, 43, 36, 28, 21, 15, 10, 6, 3, 0] (49.90938964754441, 786)
Ricerca locale - Greedy Massimo Gradimento - 2opt
[0, 3, 6, 10, 15, 21, 27, 34, 35, 28, 36, 43, 49, 42, 41, 33, 32, 39, 45, 38, 44, 37, 29, 22, 30, 23, 31, 17, 16, 11, 7, 4, 2, 0] (49.59797974644665, 864)
Ricerca locale - Greedy Nearest Neighbour - 2opt
[0, 2, 4, 7, 11, 16, 22, 29, 37, 30, 23, 17, 12, 19, 14, 10, 15, 20, 26, 33, 25, 32, 39, 45, 50, 44, 38, 31, 24, 18, 13, 9, 6, 3, 0] (49.831325218480494, 750)
Ricerca locale - Greedy Massimo Inserimento - 2opt
[0, 2, 4, 7, 11, 17, 23, 16, 22, 29, 37, 44, 30, 38, 31, 24, 32, 25, 33, 26, 20, 27, 34, 42, 49, 43, 36, 28, 35, 21, 15, 10, 6, 3, 0] (49.25483399593902, 882)
Ricerca Tabu - Miglior Ricerca Locale
[0, 2, 4, 7, 11, 16, 22, 29, 37, 30, 23, 17, 24, 31, 38, 44, 50, 45, 39, 32, 33, 26, 34, 42, 27, 35, 43, 36, 28, 21, 15, 10, 6, 3, 0] (49.25483399593902, 882)
Ricerca Tabu Intensificazione Diversificazione
[0, 2, 4, 7, 11, 16, 22, 29, 37, 30, 23, 17, 24, 31, 38, 44, 50, 45, 39, 32, 33, 26, 34, 42, 27, 35, 43, 36, 28, 21, 15, 10, 6, 3, 0] (49.25483399593902, 882)
Grasp
[0, 2, 4, 7, 12, 17, 11, 16, 23, 30, 22, 29, 37, 44, 38, 31, 24, 32, 25, 33, 26, 34, 27, 35, 42, 49, 43, 36, 28, 21, 15, 20, 14, 9, 0] (49.8313252184805, 894)


Albergo 1:

Greedy Massimo Gradimento
[1, 29, 36, 22, 30, 37, 38, 45, 51, 56, 60, 1] (49.42318112125552, 282)
Greedy Nearest Neighbour:
[1, 62, 59, 55, 50, 44, 37, 29, 22, 16, 11, 7, 4, 2, 5, 3, 6, 9, 13, 8, 12, 17, 23, 30, 38, 31, 24, 18, 25, 32, 39, 45, 51, 56, 1] (49.8313252184805, 684)
Greedy Massimo Inserimento:
[1, 35, 28, 30, 37, 22, 29, 23, 36, 43, 49, 54, 58, 61, 63, 1] (49.99746058531646, 420)
Greedy Inserimento sulla base di Indice
[1, 60, 52, 40, 25, 13, 10, 9, 8, 12, 11, 7, 6, 5, 4, 3, 2, 18, 32, 63, 1] (49.99077084138558, 258)
Greedy Random
[1, 43, 28, 27, 31, 23, 37, 36, 34, 48, 54, 63, 1] (49.9084624954941, 324)
Ricerca locale - Greedy Massimo Gradimento - Swap
[1, 63, 61, 58, 54, 49, 42, 34, 27, 35, 43, 36, 28, 21, 15, 20, 26, 33, 25, 32, 24, 31, 23, 16, 22, 29, 30, 37, 44, 38, 45, 51, 56, 60, 1] (49.25483399593903, 882)
Ricerca locale - Greedy Nearest Neighbour - Swap
[1, 62, 59, 55, 50, 44, 37, 29, 22, 16, 11, 7, 4, 2, 5, 3, 6, 9, 13, 8, 12, 17, 23, 30, 38, 31, 24, 18, 25, 32, 39, 45, 51, 56, 1] (49.8313252184805, 684)
Ricerca locale - Greedy Massimo Inserimento - Swap
[1, 48, 42, 36, 28, 21, 27, 26, 32, 31, 30, 37, 29, 22, 16, 23, 24, 33, 34, 35, 43, 49, 54, 58, 61, 63, 1] (49.94520187331994, 720)
Ricerca locale - Greedy Massimo Gradimento - 2opt
[1, 63, 61, 58, 54, 49, 43, 36, 28, 35, 21, 27, 34, 42, 41, 33, 32, 24, 31, 23, 17, 11, 16, 22, 29, 30, 37, 44, 38, 45, 51, 56, 60, 1] (49.59797974644665, 864)
Ricerca locale - Greedy Nearest Neighbour - 2opt
[1, 62, 59, 55, 50, 44, 37, 29, 22, 16, 11, 7, 4, 2, 5, 3, 6, 9, 13, 8, 12, 17, 23, 30, 38, 31, 24, 18, 25, 32, 39, 45, 51, 56, 1] (49.8313252184805, 684)
Ricerca locale - Greedy Massimo Inserimento - 2opt
[1, 62, 59, 55, 50, 44, 37, 29, 22, 30, 23, 16, 11, 17, 24, 31, 38, 39, 32, 33, 34, 42, 27, 21, 28, 35, 36, 43, 49, 54, 58, 61, 63, 1] (49.59797974644664, 864)
Ricerca Tabu - Miglior Ricerca Locale
[1, 63, 61, 58, 54, 49, 42, 34, 27, 35, 43, 36, 28, 21, 15, 20, 26, 33, 25, 32, 24, 31, 23, 16, 22, 29, 30, 37, 44, 38, 45, 51, 56, 60, 1] (49.25483399593903, 882)
Ricerca Tabu Intensificazione Diversificazione
[1, 63, 61, 58, 54, 49, 42, 34, 27, 35, 43, 36, 28, 21, 15, 20, 26, 33, 25, 32, 24, 31, 23, 16, 22, 29, 30, 37, 44, 38, 45, 51, 56, 60, 1] (49.25483399593903, 882)
Grasp
[1, 62, 59, 55, 50, 44, 37, 29, 22, 16, 11, 17, 23, 30, 38, 31, 24, 32, 26, 20, 15, 21, 28, 36, 43, 35, 27, 34, 42, 49, 54, 58, 61, 63, 1] (49.831325218480494, 888)


Chao 64 - 80

Albergo 0:

Greedy Massimo Gradimento
[0, 29, 36, 22, 28, 30, 35, 21, 15, 10, 6, 3, 0] (79.0543285760697, 318)
Greedy Nearest Neighbour:
[0, 2, 4, 7, 11, 16, 22, 29, 37, 30, 23, 17, 12, 8, 5, 3, 6, 9, 13, 18, 24, 31, 38, 44, 50, 45, 39, 32, 25, 19, 14, 10, 15, 20, 26, 33, 40, 46, 51, 55, 59, 56, 52, 47, 41, 34, 27, 21, 28, 35, 42, 0] (79.65495002865386, 1110)
Greedy Massimo Inserimento:
[0, 17, 23, 37, 38, 34, 35, 33, 32, 31, 30, 26, 27, 28, 25, 24, 22, 29, 41, 42, 43, 36, 21, 15, 10, 6, 3, 0] (79.9990354051908, 732)
Greedy Inserimento sulla base di Indice
[0, 18, 17, 23, 16, 19, 20, 15, 14, 13, 12, 11, 10, 9, 8, 7, 6, 5, 4, 3, 2, 25, 40, 63, 57, 47, 33, 0] (79.94313202538976, 438)
Greedy Random
[0, 43, 35, 22, 23, 30, 27, 36, 37, 29, 28, 21, 20, 19, 15, 6, 3, 0] (79.81581959545679, 474)
Ricerca locale - Greedy Massimo Gradimento - Swap
[0, 2, 4, 7, 16, 22, 29, 37, 44, 50, 45, 38, 30, 31, 39, 46, 40, 32, 25, 48, 54, 49, 43, 36, 28, 24, 17, 23, 11, 12, 18, 19, 14, 20, 27, 34, 26, 33, 41, 42, 35, 21, 15, 10, 6, 3, 0] (79.39696961966995, 1134)
Ricerca locale - Greedy Nearest Neighbour - Swap
[0, 2, 4, 7, 11, 16, 22, 29, 37, 30, 23, 17, 12, 18, 24, 31, 38, 44, 50, 45, 39, 32, 25, 19, 14, 10, 15, 20, 26, 33, 40, 46, 51, 55, 59, 56, 52, 53, 47, 41, 48, 54, 49, 42, 34, 27, 21, 28, 36, 43, 35, 6, 3, 0] (79.95584357587309, 1242)
Ricerca locale - Greedy Massimo Inserimento - Swap
[0, 2, 4, 7, 11, 16, 22, 29, 37, 44, 50, 45, 40, 41, 34, 35, 33, 32, 31, 17, 18, 19, 26, 27, 21, 20, 25, 24, 23, 30, 38, 39, 46, 47, 48, 54, 42, 49, 43, 36, 28, 15, 10, 6, 3, 0] (79.92253506678338, 1116)
Ricerca locale - Greedy Massimo Gradimento - 2opt
[0, 2, 4, 8, 12, 7, 11, 16, 22, 29, 37, 30, 23, 17, 24, 18, 25, 47, 40, 46, 39, 45, 50, 44, 38, 31, 32, 33, 34, 20, 14, 19, 26, 27, 28, 49, 36, 43, 42, 54, 48, 41, 35, 21, 15, 10, 6, 3, 0] (79.81273478830963, 1164)
Ricerca locale - Greedy Nearest Neighbour - 2opt
[0, 2, 4, 7, 11, 16, 22, 29, 37, 30, 23, 17, 12, 8, 5, 21, 28, 36, 43, 35, 42, 27, 34, 41, 47, 52, 56, 59, 55, 51, 46, 40, 33, 26, 20, 15, 10, 14, 19, 25, 32, 39, 45, 50, 44, 38, 31, 24, 18, 13, 9, 6, 3, 0] (79.95584357587308, 1188)
Ricerca locale - Greedy Massimo Inserimento - 2opt
[0, 2, 5, 9, 14, 20, 27, 35, 42, 34, 26, 19, 25, 18, 24, 31, 32, 33, 40, 39, 45, 38, 30, 23, 17, 12, 7, 11, 16, 22, 29, 37, 44, 50, 55, 51, 46, 52, 57, 61, 58, 53, 47, 41, 48, 54, 49, 43, 36, 28, 21, 15, 10, 6, 3, 0] (79.53910524340087, 1266)
Ricerca Tabu - Miglior Ricerca Locale
[0, 2, 5, 9, 14, 20, 27, 35, 42, 34, 26, 19, 25, 18, 24, 31, 32, 33, 40, 39, 45, 38, 30, 23, 17, 12, 7, 11, 16, 22, 29, 37, 44, 50, 55, 51, 46, 52, 57, 61, 58, 53, 47, 41, 48, 54, 49, 43, 36, 28, 21, 15, 10, 6, 3, 0] (79.53910524340087, 1266)
Ricerca Tabu Intensificazione Diversificazione
[0, 2, 5, 9, 14, 20, 27, 35, 42, 34, 26, 19, 25, 18, 24, 31, 32, 33, 40, 39, 45, 38, 30, 23, 17, 12, 7, 11, 16, 22, 29, 37, 44, 50, 55, 51, 46, 52, 57, 61, 58, 53, 47, 41, 48, 54, 49, 43, 36, 28, 21, 15, 10, 6, 3, 0] (79.53910524340087, 1266)
Grasp
[0, 3, 9, 6, 10, 14, 19, 13, 8, 12, 18, 25, 33, 26, 20, 15, 21, 28, 36, 43, 49, 54, 58, 53, 48, 42, 35, 27, 34, 41, 47, 52, 40, 46, 51, 55, 50, 44, 37, 29, 22, 16, 23, 30, 38, 45, 39, 32, 31, 24, 17, 11, 7, 4, 2, 0] (79.53910524340087, 1272)


Albergo 1:

Greedy Massimo Gradimento
[1, 29, 36, 22, 28, 30, 35, 43, 49, 54, 58, 61, 63, 1] (79.88275570081588, 354)
Greedy Nearest Neighbour:
[1, 62, 59, 55, 50, 44, 37, 29, 22, 16, 11, 7, 4, 2, 5, 3, 6, 9, 13, 8, 12, 17, 23, 30, 38, 31, 24, 18, 25, 19, 14, 10, 15, 20, 26, 33, 40, 32, 39, 45, 51, 46, 52, 47, 41, 34, 27, 21, 28, 35, 42, 48, 53, 57, 60, 63, 1] (79.19595949289325, 1170)
Greedy Massimo Inserimento:
[1, 62, 59, 55, 50, 44, 37, 38, 33, 34, 35, 32, 31, 30, 40, 41, 42, 43, 28, 27, 26, 25, 24, 23, 22, 29, 36, 49, 54, 58, 61, 63, 1] (79.99702890040888, 816)
Greedy Inserimento sulla base di Indice
[1, 53, 27, 21, 20, 19, 18, 24, 17, 23, 16, 15, 14, 13, 12, 11, 10, 9, 8, 7, 6, 5, 4, 3, 2, 25, 63, 1] (79.98739073346005, 468)
Greedy Random
[1, 29, 16, 37, 27, 30, 21, 43, 22, 17, 44, 46, 53, 1] (79.93829286513554, 366)
Ricerca locale - Greedy Massimo Gradimento - Swap
[1, 62, 59, 55, 50, 44, 37, 29, 22, 16, 11, 17, 23, 31, 24, 40, 47, 53, 48, 42, 35, 27, 34, 41, 33, 26, 20, 15, 10, 19, 25, 32, 39, 45, 38, 30, 7, 12, 18, 13, 9, 14, 21, 28, 36, 43, 49, 54, 58, 61, 63, 1] (79.75930529619575, 1212)
Ricerca locale - Greedy Nearest Neighbour - Swap
[1, 62, 59, 55, 50, 44, 37, 29, 22, 16, 11, 7, 4, 2, 5, 3, 6, 9, 13, 8, 12, 17, 23, 30, 38, 31, 24, 18, 25, 19, 14, 10, 15, 20, 26, 33, 40, 32, 39, 45, 51, 46, 52, 47, 41, 34, 27, 35, 28, 36, 43, 49, 54, 58, 61, 63, 1] (79.19595949289325, 1212)
Ricerca locale - Greedy Massimo Inserimento - Swap
[1, 62, 59, 55, 50, 44, 37, 30, 31, 33, 34, 41, 40, 39, 38, 45, 46, 47, 53, 49, 42, 35, 43, 36, 28, 21, 27, 20, 26, 25, 18, 24, 17, 11, 23, 16, 22, 29, 32, 48, 54, 58, 61, 63, 1] (79.47503404873383, 1092)
Ricerca locale - Greedy Massimo Gradimento - 2opt
[1, 56, 59, 55, 51, 46, 45, 50, 44, 37, 29, 22, 30, 38, 31, 23, 16, 11, 7, 17, 12, 18, 13, 19, 14, 10, 20, 15, 21, 27, 34, 26, 25, 24, 39, 32, 40, 33, 47, 53, 41, 48, 42, 35, 28, 36, 43, 49, 54, 58, 61, 63, 1] (79.97346084221141, 1242)
Ricerca locale - Greedy Nearest Neighbour - 2opt
[1, 62, 59, 55, 50, 44, 37, 29, 22, 16, 11, 7, 4, 2, 5, 3, 6, 9, 13, 8, 12, 17, 23, 30, 38, 31, 24, 18, 25, 19, 14, 10, 15, 20, 26, 33, 40, 32, 39, 45, 51, 46, 52, 47, 41, 34, 27, 35, 28, 36, 43, 49, 54, 58, 61, 63, 1] (79.19595949289325, 1212)
Ricerca locale - Greedy Massimo Inserimento - 2opt
[1, 62, 59, 55, 50, 44, 37, 29, 22, 30, 38, 45, 51, 46, 39, 32, 24, 31, 23, 16, 11, 17, 7, 12, 18, 25, 19, 14, 10, 20, 15, 21, 27, 26, 35, 34, 33, 40, 47, 53, 41, 48, 42, 43, 28, 36, 49, 54, 58, 61, 63, 1] (79.97346084221142, 1224)
Ricerca Tabu - Miglior Ricerca Locale
[1, 56, 59, 55, 51, 46, 45, 50, 44, 37, 29, 22, 30, 38, 31, 23, 16, 11, 7, 17, 12, 18, 13, 19, 14, 10, 20, 15, 21, 27, 34, 26, 25, 24, 39, 32, 40, 33, 47, 53, 41, 48, 42, 35, 28, 36, 43, 49, 54, 58, 61, 63, 1] (79.97346084221141, 1242)
Ricerca Tabu Intensificazione Diversificazione
[1, 59, 55, 51, 46, 45, 50, 44, 37, 29, 22, 30, 38, 31, 23, 16, 11, 7, 17, 12, 18, 13, 19, 14, 10, 20, 15, 21, 27, 34, 26, 25, 24, 39, 32, 40, 33, 41, 48, 42, 35, 28, 36, 43, 49, 54, 58, 53, 47, 52, 57, 61, 1] (79.8822509939085, 1248)
Grasp
[1, 62, 59, 56, 51, 55, 50, 45, 39, 46, 52, 47, 40, 32, 24, 31, 38, 44, 37, 29, 22, 30, 23, 16, 11, 7, 17, 12, 18, 25, 33, 26, 19, 14, 9, 6, 10, 15, 20, 27, 34, 41, 48, 42, 35, 21, 28, 36, 43, 49, 54, 58, 53, 57, 63, 1] (79.53910524340087, 1272)


Chao 66 - 85

Albergo 0:

Greedy Massimo Gradimento
[0, 2, 3, 4, 5, 6, 7, 8, 9, 10, 17, 18, 26, 34, 42, 50, 35, 28, 29, 0] (84.25535490322896, 570)
Greedy Nearest Neighbour:
[0, 29, 21, 13, 5, 4, 3, 2, 10, 11, 12, 20, 19, 18, 26, 27, 28, 36, 35, 34, 42, 43, 44, 45, 37, 38, 30, 22, 14, 6, 7, 8, 9, 17, 16, 15, 23, 24, 25, 33, 32, 31, 0] (84.159415253899, 1015)
Greedy Massimo Inserimento:
[0, 30, 24, 25, 17, 16, 15, 14, 13, 12, 18, 10, 11, 9, 8, 7, 6, 5, 4, 3, 2, 20, 48, 57, 65, 56, 47, 0] (84.97973881172288, 750)
Greedy Inserimento sulla base di Indice
[0, 30, 23, 24, 17, 16, 15, 14, 13, 12, 11, 19, 18, 10, 9, 8, 7, 6, 5, 4, 3, 2, 20, 29, 38, 47, 56, 65, 0] (84.97515599953813, 705)
Greedy Random
[0, 17, 9, 10, 2, 26, 8, 4, 7, 6, 18, 14, 21, 0] (84.59169466682424, 390)
Ricerca locale - Greedy Massimo Gradimento - Swap
[0, 37, 45, 46, 54, 53, 52, 60, 61, 62, 63, 64, 65, 57, 49, 41, 33, 25, 17, 9, 8, 7, 6, 5, 4, 12, 11, 3, 2, 10, 18, 26, 34, 42, 50, 58, 59, 51, 43, 35, 27, 28, 29, 0] (84.9208096264819, 1260)
Ricerca locale - Greedy Nearest Neighbour - Swap
[0, 29, 21, 13, 5, 4, 3, 2, 10, 11, 12, 20, 19, 18, 26, 27, 28, 36, 35, 34, 42, 43, 44, 45, 46, 38, 30, 22, 14, 6, 7, 8, 9, 17, 16, 15, 23, 24, 25, 33, 32, 31, 0] (84.159415253899, 1025)
Ricerca locale - Greedy Massimo Inserimento - Swap
[0, 30, 23, 24, 25, 17, 9, 16, 14, 13, 12, 2, 10, 18, 19, 21, 22, 15, 8, 7, 6, 5, 4, 3, 11, 20, 29, 39, 48, 57, 65, 56, 47, 38, 0] (84.97777990868912, 845)
Ricerca locale - Greedy Massimo Gradimento - 2opt
[0, 36, 35, 34, 42, 43, 50, 58, 51, 59, 60, 61, 62, 63, 64, 65, 57, 49, 41, 33, 25, 17, 9, 8, 7, 15, 14, 6, 13, 5, 4, 12, 11, 3, 2, 10, 18, 26, 27, 28, 29, 0] (84.95741732923817, 1240)
Ricerca locale - Greedy Nearest Neighbour - 2opt
[0, 29, 21, 13, 5, 4, 3, 2, 10, 11, 12, 20, 19, 18, 26, 27, 28, 36, 35, 34, 42, 43, 44, 45, 46, 47, 48, 49, 41, 33, 25, 24, 23, 15, 16, 17, 9, 8, 7, 6, 14, 22, 30, 0] (84.23606797749979, 1090)
Ricerca locale - Greedy Massimo Inserimento - 2opt
[0, 38, 47, 56, 63, 64, 65, 57, 49, 48, 40, 41, 33, 25, 24, 15, 16, 17, 9, 8, 7, 6, 5, 4, 3, 2, 11, 10, 18, 26, 34, 42, 35, 27, 19, 12, 13, 14, 22, 30, 0] (84.71979949970522, 1135)
Ricerca Tabu - Miglior Ricerca Locale
[0, 37, 45, 46, 54, 53, 52, 60, 61, 62, 63, 64, 65, 57, 49, 41, 33, 25, 17, 9, 8, 7, 6, 5, 4, 12, 11, 3, 2, 10, 18, 26, 34, 42, 50, 58, 59, 51, 43, 35, 27, 28, 29, 0] (84.9208096264819, 1260)
Ricerca Tabu Intensificazione Diversificazione
[0, 37, 45, 46, 54, 53, 52, 60, 61, 62, 63, 64, 65, 57, 49, 41, 33, 25, 17, 9, 8, 7, 6, 5, 4, 12, 11, 3, 2, 10, 18, 26, 34, 42, 50, 58, 59, 51, 43, 35, 27, 28, 29, 0] (84.9208096264819, 1260)
Grasp
[0, 21, 13, 12, 11, 19, 18, 10, 2, 3, 4, 5, 6, 7, 8, 9, 17, 16, 24, 25, 33, 32, 41, 40, 48, 49, 57, 65, 64, 63, 62, 61, 60, 59, 58, 50, 42, 34, 26, 27, 28, 29, 0] (84.63904351706334, 1265)


Albergo 1:

Greedy Massimo Gradimento
[1, 2, 3, 4, 5, 6, 7, 8, 9, 10, 17, 18, 26, 34, 42, 50, 35, 36, 37, 1] (84.13358345555297, 570)
Greedy Nearest Neighbour:
[1, 37, 29, 21, 13, 5, 4, 3, 2, 10, 11, 12, 20, 19, 18, 26, 27, 28, 36, 35, 34, 42, 43, 44, 45, 46, 38, 30, 22, 14, 6, 7, 8, 9, 17, 16, 15, 23, 24, 25, 31, 1] (84.94427190999915, 970)
Greedy Massimo Inserimento:
[1, 33, 25, 17, 18, 10, 11, 12, 13, 14, 9, 8, 7, 6, 5, 4, 3, 2, 20, 29, 38, 47, 56, 65, 1] (84.9770779362006, 655)
Greedy Inserimento sulla base di Indice
[1, 30, 23, 24, 17, 16, 15, 14, 13, 12, 11, 19, 18, 10, 9, 8, 7, 6, 5, 4, 3, 2, 20, 29, 38, 47, 56, 65, 1] (84.95324197145004, 705)
Greedy Random
[1, 5, 4, 10, 25, 7, 26, 6, 9, 8, 33, 17, 16, 29, 1] (84.83783610212102, 415)
Ricerca locale - Greedy Massimo Gradimento - Swap
[1, 45, 53, 61, 62, 63, 64, 65, 57, 49, 41, 33, 25, 17, 9, 8, 7, 14, 6, 5, 13, 12, 11, 4, 3, 2, 10, 18, 26, 34, 42, 43, 51, 60, 59, 58, 50, 35, 36, 37, 1] (84.76803372155528, 1215)
Ricerca locale - Greedy Nearest Neighbour - Swap
[1, 21, 13, 5, 4, 3, 2, 10, 11, 12, 20, 19, 18, 26, 27, 28, 36, 35, 34, 42, 43, 44, 45, 46, 38, 30, 22, 14, 6, 7, 8, 9, 17, 16, 15, 23, 24, 25, 33, 32, 31, 1] (84.99415691088994, 1020)
Ricerca locale - Greedy Massimo Inserimento - Swap
[1, 32, 33, 25, 17, 9, 2, 10, 18, 12, 13, 14, 15, 8, 7, 6, 5, 4, 3, 11, 20, 29, 38, 47, 56, 57, 65, 64, 55, 1] (84.89960599587415, 800)
Ricerca locale - Greedy Massimo Gradimento - 2opt
[1, 28, 27, 26, 18, 19, 11, 10, 2, 3, 4, 5, 6, 7, 8, 9, 17, 25, 33, 41, 49, 57, 65, 64, 63, 55, 54, 62, 61, 60, 52, 59, 58, 51, 50, 42, 34, 43, 35, 36, 37, 1] (84.95741732923814, 1240)
Ricerca locale - Greedy Nearest Neighbour - 2opt
[1, 29, 21, 13, 5, 4, 3, 2, 10, 11, 12, 20, 19, 18, 26, 27, 28, 36, 35, 34, 42, 43, 44, 45, 46, 39, 40, 41, 33, 25, 24, 23, 15, 16, 17, 9, 8, 7, 6, 14, 22, 30, 1] (84.43397840021018, 1055)
Ricerca locale - Greedy Massimo Inserimento - 2opt
[1, 29, 21, 13, 14, 15, 16, 24, 33, 25, 17, 9, 8, 7, 6, 5, 4, 3, 2, 10, 18, 26, 34, 42, 50, 58, 59, 60, 61, 62, 54, 55, 56, 63, 64, 65, 57, 49, 41, 40, 39, 38, 1] (84.57766387597427, 1245)
Ricerca Tabu - Miglior Ricerca Locale
[1, 29, 21, 13, 14, 15, 16, 24, 33, 25, 17, 9, 8, 7, 6, 5, 4, 3, 2, 10, 18, 26, 34, 42, 50, 58, 59, 60, 61, 62, 54, 55, 56, 63, 64, 65, 57, 49, 41, 40, 39, 38, 1] (84.57766387597427, 1245)
Ricerca Tabu Intensificazione Diversificazione
[1, 29, 21, 13, 14, 15, 16, 24, 33, 25, 17, 9, 8, 7, 6, 5, 4, 3, 2, 10, 18, 26, 34, 42, 50, 58, 59, 60, 61, 62, 54, 55, 56, 63, 64, 65, 57, 49, 41, 40, 39, 38, 1] (84.57766387597427, 1245)
Grasp
[1, 30, 22, 14, 15, 16, 24, 32, 33, 25, 17, 9, 8, 7, 6, 5, 4, 12, 11, 3, 2, 10, 18, 26, 34, 42, 50, 58, 59, 60, 61, 62, 63, 64, 65, 57, 56, 48, 49, 41, 40, 39, 38, 1] (84.9208096264819, 1270)


Chao 66 - 130

Albergo 0:

Greedy Massimo Gradimento
[0, 2, 3, 4, 5, 6, 7, 8, 9, 10, 17, 18, 25, 26, 33, 34, 27, 28, 0] (129.9908374720905, 565)
Greedy Nearest Neighbour:
[0, 29, 21, 13, 5, 4, 3, 2, 10, 11, 12, 20, 19, 18, 26, 27, 28, 36, 35, 34, 42, 43, 44, 45, 37, 38, 30, 22, 14, 6, 7, 8, 9, 17, 16, 15, 23, 24, 25, 33, 32, 31, 39, 40, 41, 49, 48, 47, 46, 54, 53, 52, 51, 50, 58, 59, 60, 61, 62, 63, 55, 56, 0] (128.55106836240913, 1575)
Greedy Massimo Inserimento:
[0, 34, 26, 41, 33, 25, 24, 23, 22, 21, 20, 19, 18, 13, 14, 15, 16, 17, 12, 11, 10, 9, 8, 7, 6, 5, 4, 3, 2, 30, 49, 57, 65, 64, 38, 0] (129.99271783902478, 970)
Greedy Inserimento sulla base di Indice
[0, 31, 30, 29, 28, 27, 26, 32, 33, 25, 24, 23, 22, 21, 20, 19, 18, 17, 16, 15, 14, 13, 12, 11, 10, 9, 8, 7, 6, 5, 4, 3, 2, 37, 46, 55, 65, 56, 47, 38, 0] (129.7426997290735, 965)
Greedy Random
[0, 5, 18, 3, 4, 9, 7, 25, 26, 49, 42, 6, 17, 8, 57, 55, 29, 0] (129.07281389691784, 520)
Ricerca locale - Greedy Massimo Gradimento - Swap
[0, 21, 19, 18, 10, 2, 11, 3, 4, 5, 6, 7, 8, 9, 17, 16, 15, 14, 13, 12, 20, 28, 36, 51, 59, 58, 50, 42, 43, 52, 60, 53, 54, 55, 56, 61, 62, 63, 64, 65, 57, 49, 41, 33, 25, 24, 32, 40, 48, 47, 46, 45, 44, 35, 34, 26, 27, 29, 0] (129.92101616663822, 1605)
Ricerca locale - Greedy Nearest Neighbour - Swap
[0, 29, 21, 13, 5, 4, 3, 2, 10, 11, 12, 20, 19, 18, 26, 27, 28, 36, 35, 34, 42, 43, 44, 45, 37, 38, 30, 22, 14, 6, 7, 8, 9, 17, 16, 15, 23, 24, 25, 33, 32, 31, 39, 40, 41, 49, 48, 47, 46, 54, 53, 52, 51, 50, 58, 59, 60, 61, 62, 63, 64, 56, 55, 0] (129.38301603182072, 1610)
Ricerca locale - Greedy Massimo Inserimento - Swap
[0, 29, 28, 27, 35, 43, 51, 52, 61, 60, 59, 58, 50, 42, 34, 26, 19, 31, 32, 33, 25, 24, 23, 22, 21, 20, 11, 18, 10, 2, 3, 13, 14, 15, 16, 17, 9, 8, 7, 6, 5, 4, 12, 30, 40, 48, 41, 49, 57, 65, 64, 63, 62, 54, 46, 38, 0] (129.9102826609397, 1525)
Ricerca locale - Greedy Massimo Gradimento - 2opt
[0, 30, 22, 21, 20, 28, 36, 27, 26, 35, 34, 42, 50, 58, 59, 60, 51, 43, 44, 52, 53, 61, 62, 54, 46, 38, 39, 47, 48, 57, 65, 64, 63, 55, 56, 49, 41, 40, 33, 25, 17, 9, 8, 7, 6, 5, 4, 3, 2, 10, 18, 19, 11, 12, 13, 14, 15, 16, 24, 23, 32, 31, 0] (129.95840512712232, 1655)
Ricerca locale - Greedy Nearest Neighbour - 2opt
[0, 29, 21, 13, 5, 4, 3, 2, 10, 11, 12, 20, 19, 18, 26, 27, 28, 36, 35, 34, 42, 43, 44, 45, 37, 38, 46, 54, 53, 52, 51, 50, 58, 59, 60, 61, 62, 63, 64, 65, 57, 56, 55, 47, 48, 49, 41, 40, 39, 31, 32, 33, 25, 24, 23, 15, 16, 17, 9, 8, 7, 6, 14, 22, 30, 0] (128.23606797749977, 1680)
Ricerca locale - Greedy Massimo Inserimento - 2opt
[0, 29, 28, 36, 44, 35, 43, 51, 59, 58, 50, 42, 34, 26, 27, 18, 19, 20, 21, 13, 12, 11, 10, 2, 3, 4, 5, 6, 7, 8, 9, 17, 25, 33, 41, 32, 24, 23, 16, 15, 14, 22, 30, 31, 39, 40, 48, 49, 57, 65, 64, 56, 55, 54, 63, 62, 61, 60, 52, 53, 45, 46, 38, 0] (129.06294525021283, 1660)
